{
 "cells": [
  {
   "metadata": {},
   "cell_type": "markdown",
   "source": "## Model training for the Algerian forest fires",
   "id": "290a1c614f9cda73"
  },
  {
   "cell_type": "code",
   "id": "initial_id",
   "metadata": {
    "collapsed": true,
    "ExecuteTime": {
     "end_time": "2025-12-25T17:11:27.363043Z",
     "start_time": "2025-12-25T17:11:27.357588Z"
    }
   },
   "source": [
    "from unittest.mock import inplace\n",
    "\n",
    "# import required libraries\n",
    "import numpy as np\n",
    "import tensorflow as tf\n",
    "import pandas as pd\n",
    "\n",
    "import matplotlib.pyplot as plt\n",
    "import seaborn as sns\n",
    "from IPython.core.pylabtools import figsize\n",
    "from pandas.conftest import axis_1\n",
    "%matplotlib inline\n"
   ],
   "outputs": [],
   "execution_count": 2
  },
  {
   "metadata": {
    "ExecuteTime": {
     "end_time": "2025-12-25T17:11:44.023024Z",
     "start_time": "2025-12-25T17:11:44.004737Z"
    }
   },
   "cell_type": "code",
   "source": "df = pd.read_csv('Algerian_forest_fires_dataset.csv')",
   "id": "9d1dafcf0328c9af",
   "outputs": [],
   "execution_count": 3
  },
  {
   "metadata": {
    "ExecuteTime": {
     "end_time": "2025-12-25T17:14:45.065477Z",
     "start_time": "2025-12-25T17:14:45.058793Z"
    }
   },
   "cell_type": "code",
   "source": "df.head()",
   "id": "60cf3d8a43aa177b",
   "outputs": [
    {
     "data": {
      "text/plain": [
       "  Temperature  RH  Ws Rain   FFMC  DMC    DC  ISI  BUI  FWI    Classes  \n",
       "0          29  57  18     0  65.7  3.4   7.6  1.3  3.4  0.5  not fire   \n",
       "1          29  61  13   1.3  64.4  4.1   7.6    1  3.9  0.4  not fire   \n",
       "2          26  82  22  13.1  47.1  2.5   7.1  0.3  2.7  0.1  not fire   \n",
       "3          25  89  13   2.5  28.6  1.3   6.9    0  1.7    0  not fire   \n",
       "4          27  77  16     0  64.8    3  14.2  1.2  3.9  0.5  not fire   "
      ],
      "text/html": [
       "<div>\n",
       "<style scoped>\n",
       "    .dataframe tbody tr th:only-of-type {\n",
       "        vertical-align: middle;\n",
       "    }\n",
       "\n",
       "    .dataframe tbody tr th {\n",
       "        vertical-align: top;\n",
       "    }\n",
       "\n",
       "    .dataframe thead th {\n",
       "        text-align: right;\n",
       "    }\n",
       "</style>\n",
       "<table border=\"1\" class=\"dataframe\">\n",
       "  <thead>\n",
       "    <tr style=\"text-align: right;\">\n",
       "      <th></th>\n",
       "      <th>Temperature</th>\n",
       "      <th>RH</th>\n",
       "      <th>Ws</th>\n",
       "      <th>Rain</th>\n",
       "      <th>FFMC</th>\n",
       "      <th>DMC</th>\n",
       "      <th>DC</th>\n",
       "      <th>ISI</th>\n",
       "      <th>BUI</th>\n",
       "      <th>FWI</th>\n",
       "      <th>Classes</th>\n",
       "    </tr>\n",
       "  </thead>\n",
       "  <tbody>\n",
       "    <tr>\n",
       "      <th>0</th>\n",
       "      <td>29</td>\n",
       "      <td>57</td>\n",
       "      <td>18</td>\n",
       "      <td>0</td>\n",
       "      <td>65.7</td>\n",
       "      <td>3.4</td>\n",
       "      <td>7.6</td>\n",
       "      <td>1.3</td>\n",
       "      <td>3.4</td>\n",
       "      <td>0.5</td>\n",
       "      <td>not fire</td>\n",
       "    </tr>\n",
       "    <tr>\n",
       "      <th>1</th>\n",
       "      <td>29</td>\n",
       "      <td>61</td>\n",
       "      <td>13</td>\n",
       "      <td>1.3</td>\n",
       "      <td>64.4</td>\n",
       "      <td>4.1</td>\n",
       "      <td>7.6</td>\n",
       "      <td>1</td>\n",
       "      <td>3.9</td>\n",
       "      <td>0.4</td>\n",
       "      <td>not fire</td>\n",
       "    </tr>\n",
       "    <tr>\n",
       "      <th>2</th>\n",
       "      <td>26</td>\n",
       "      <td>82</td>\n",
       "      <td>22</td>\n",
       "      <td>13.1</td>\n",
       "      <td>47.1</td>\n",
       "      <td>2.5</td>\n",
       "      <td>7.1</td>\n",
       "      <td>0.3</td>\n",
       "      <td>2.7</td>\n",
       "      <td>0.1</td>\n",
       "      <td>not fire</td>\n",
       "    </tr>\n",
       "    <tr>\n",
       "      <th>3</th>\n",
       "      <td>25</td>\n",
       "      <td>89</td>\n",
       "      <td>13</td>\n",
       "      <td>2.5</td>\n",
       "      <td>28.6</td>\n",
       "      <td>1.3</td>\n",
       "      <td>6.9</td>\n",
       "      <td>0</td>\n",
       "      <td>1.7</td>\n",
       "      <td>0</td>\n",
       "      <td>not fire</td>\n",
       "    </tr>\n",
       "    <tr>\n",
       "      <th>4</th>\n",
       "      <td>27</td>\n",
       "      <td>77</td>\n",
       "      <td>16</td>\n",
       "      <td>0</td>\n",
       "      <td>64.8</td>\n",
       "      <td>3</td>\n",
       "      <td>14.2</td>\n",
       "      <td>1.2</td>\n",
       "      <td>3.9</td>\n",
       "      <td>0.5</td>\n",
       "      <td>not fire</td>\n",
       "    </tr>\n",
       "  </tbody>\n",
       "</table>\n",
       "</div>"
      ]
     },
     "execution_count": 8,
     "metadata": {},
     "output_type": "execute_result"
    }
   ],
   "execution_count": 8
  },
  {
   "metadata": {
    "ExecuteTime": {
     "end_time": "2025-12-25T17:15:17.047832Z",
     "start_time": "2025-12-25T17:15:17.044948Z"
    }
   },
   "cell_type": "code",
   "source": "df.columns = df.columns.str.strip()",
   "id": "ebf8f46a88aacb09",
   "outputs": [],
   "execution_count": 10
  },
  {
   "metadata": {
    "ExecuteTime": {
     "end_time": "2025-12-25T17:12:00.505629Z",
     "start_time": "2025-12-25T17:12:00.496055Z"
    }
   },
   "cell_type": "code",
   "source": "df.info()",
   "id": "58f8b23487d48a74",
   "outputs": [
    {
     "name": "stdout",
     "output_type": "stream",
     "text": [
      "<class 'pandas.core.frame.DataFrame'>\n",
      "RangeIndex: 247 entries, 0 to 246\n",
      "Data columns (total 14 columns):\n",
      " #   Column       Non-Null Count  Dtype \n",
      "---  ------       --------------  ----- \n",
      " 0   day          246 non-null    object\n",
      " 1   month        245 non-null    object\n",
      " 2   year         245 non-null    object\n",
      " 3   Temperature  245 non-null    object\n",
      " 4    RH          245 non-null    object\n",
      " 5    Ws          245 non-null    object\n",
      " 6   Rain         245 non-null    object\n",
      " 7   FFMC         245 non-null    object\n",
      " 8   DMC          245 non-null    object\n",
      " 9   DC           245 non-null    object\n",
      " 10  ISI          245 non-null    object\n",
      " 11  BUI          245 non-null    object\n",
      " 12  FWI          245 non-null    object\n",
      " 13  Classes      244 non-null    object\n",
      "dtypes: object(14)\n",
      "memory usage: 27.1+ KB\n"
     ]
    }
   ],
   "execution_count": 5
  },
  {
   "metadata": {
    "ExecuteTime": {
     "end_time": "2025-12-25T17:13:23.865095Z",
     "start_time": "2025-12-25T17:13:23.859642Z"
    }
   },
   "cell_type": "code",
   "source": "df.drop(['month', 'day', 'year'], axis=1, inplace=True)",
   "id": "8b0f4dcc35d4f825",
   "outputs": [],
   "execution_count": 6
  },
  {
   "metadata": {
    "ExecuteTime": {
     "end_time": "2025-12-25T17:15:21.826947Z",
     "start_time": "2025-12-25T17:15:21.821430Z"
    }
   },
   "cell_type": "code",
   "source": "df['Classes'] = np.where(df['Classes'].str.contains('not fire'), 0, 1)",
   "id": "d8352cdf4f7e4098",
   "outputs": [],
   "execution_count": 11
  },
  {
   "metadata": {
    "ExecuteTime": {
     "end_time": "2025-12-25T17:15:55.624897Z",
     "start_time": "2025-12-25T17:15:55.613583Z"
    }
   },
   "cell_type": "code",
   "source": "df.info()",
   "id": "888e20daf6ada160",
   "outputs": [
    {
     "name": "stdout",
     "output_type": "stream",
     "text": [
      "<class 'pandas.core.frame.DataFrame'>\n",
      "RangeIndex: 247 entries, 0 to 246\n",
      "Data columns (total 11 columns):\n",
      " #   Column       Non-Null Count  Dtype \n",
      "---  ------       --------------  ----- \n",
      " 0   Temperature  245 non-null    object\n",
      " 1   RH           245 non-null    object\n",
      " 2   Ws           245 non-null    object\n",
      " 3   Rain         245 non-null    object\n",
      " 4   FFMC         245 non-null    object\n",
      " 5   DMC          245 non-null    object\n",
      " 6   DC           245 non-null    object\n",
      " 7   ISI          245 non-null    object\n",
      " 8   BUI          245 non-null    object\n",
      " 9   FWI          245 non-null    object\n",
      " 10  Classes      247 non-null    int64 \n",
      "dtypes: int64(1), object(10)\n",
      "memory usage: 21.4+ KB\n"
     ]
    }
   ],
   "execution_count": 12
  },
  {
   "metadata": {
    "ExecuteTime": {
     "end_time": "2025-12-25T17:20:16.234101Z",
     "start_time": "2025-12-25T17:20:16.224720Z"
    }
   },
   "cell_type": "code",
   "source": "df[df.isnull().any(axis=1)]",
   "id": "17b58b124689c079",
   "outputs": [
    {
     "data": {
      "text/plain": [
       "Empty DataFrame\n",
       "Columns: [Temperature, RH, Ws, Rain, FFMC, DMC, DC, ISI, BUI, FWI, Classes]\n",
       "Index: []"
      ],
      "text/html": [
       "<div>\n",
       "<style scoped>\n",
       "    .dataframe tbody tr th:only-of-type {\n",
       "        vertical-align: middle;\n",
       "    }\n",
       "\n",
       "    .dataframe tbody tr th {\n",
       "        vertical-align: top;\n",
       "    }\n",
       "\n",
       "    .dataframe thead th {\n",
       "        text-align: right;\n",
       "    }\n",
       "</style>\n",
       "<table border=\"1\" class=\"dataframe\">\n",
       "  <thead>\n",
       "    <tr style=\"text-align: right;\">\n",
       "      <th></th>\n",
       "      <th>Temperature</th>\n",
       "      <th>RH</th>\n",
       "      <th>Ws</th>\n",
       "      <th>Rain</th>\n",
       "      <th>FFMC</th>\n",
       "      <th>DMC</th>\n",
       "      <th>DC</th>\n",
       "      <th>ISI</th>\n",
       "      <th>BUI</th>\n",
       "      <th>FWI</th>\n",
       "      <th>Classes</th>\n",
       "    </tr>\n",
       "  </thead>\n",
       "  <tbody>\n",
       "  </tbody>\n",
       "</table>\n",
       "</div>"
      ]
     },
     "execution_count": 22,
     "metadata": {},
     "output_type": "execute_result"
    }
   ],
   "execution_count": 22
  },
  {
   "metadata": {
    "ExecuteTime": {
     "end_time": "2025-12-25T17:21:10.817343Z",
     "start_time": "2025-12-25T17:21:10.805201Z"
    }
   },
   "cell_type": "code",
   "source": "df[df['Temperature']=='Temperature']",
   "id": "56089efa2c327886",
   "outputs": [
    {
     "data": {
      "text/plain": [
       "     Temperature   RH   Ws   Rain  FFMC  DMC  DC  ISI  BUI  FWI  Classes\n",
       "122  Temperature   RH   Ws  Rain   FFMC  DMC  DC  ISI  BUI  FWI        1"
      ],
      "text/html": [
       "<div>\n",
       "<style scoped>\n",
       "    .dataframe tbody tr th:only-of-type {\n",
       "        vertical-align: middle;\n",
       "    }\n",
       "\n",
       "    .dataframe tbody tr th {\n",
       "        vertical-align: top;\n",
       "    }\n",
       "\n",
       "    .dataframe thead th {\n",
       "        text-align: right;\n",
       "    }\n",
       "</style>\n",
       "<table border=\"1\" class=\"dataframe\">\n",
       "  <thead>\n",
       "    <tr style=\"text-align: right;\">\n",
       "      <th></th>\n",
       "      <th>Temperature</th>\n",
       "      <th>RH</th>\n",
       "      <th>Ws</th>\n",
       "      <th>Rain</th>\n",
       "      <th>FFMC</th>\n",
       "      <th>DMC</th>\n",
       "      <th>DC</th>\n",
       "      <th>ISI</th>\n",
       "      <th>BUI</th>\n",
       "      <th>FWI</th>\n",
       "      <th>Classes</th>\n",
       "    </tr>\n",
       "  </thead>\n",
       "  <tbody>\n",
       "    <tr>\n",
       "      <th>122</th>\n",
       "      <td>Temperature</td>\n",
       "      <td>RH</td>\n",
       "      <td>Ws</td>\n",
       "      <td>Rain</td>\n",
       "      <td>FFMC</td>\n",
       "      <td>DMC</td>\n",
       "      <td>DC</td>\n",
       "      <td>ISI</td>\n",
       "      <td>BUI</td>\n",
       "      <td>FWI</td>\n",
       "      <td>1</td>\n",
       "    </tr>\n",
       "  </tbody>\n",
       "</table>\n",
       "</div>"
      ]
     },
     "execution_count": 24,
     "metadata": {},
     "output_type": "execute_result"
    }
   ],
   "execution_count": 24
  },
  {
   "metadata": {
    "ExecuteTime": {
     "end_time": "2025-12-25T17:22:48.115105Z",
     "start_time": "2025-12-25T17:22:48.106807Z"
    }
   },
   "cell_type": "code",
   "source": "df[df['DC']== '14.6 9']",
   "id": "5ba91033c7fd5d9d",
   "outputs": [
    {
     "data": {
      "text/plain": [
       "     Temperature  RH  Ws Rain  FFMC   DMC      DC   ISI   BUI      FWI  \\\n",
       "165           37  37  18  0.2  88.9  12.9  14.6 9  12.5  10.4  fire      \n",
       "\n",
       "     Classes  \n",
       "165        0  "
      ],
      "text/html": [
       "<div>\n",
       "<style scoped>\n",
       "    .dataframe tbody tr th:only-of-type {\n",
       "        vertical-align: middle;\n",
       "    }\n",
       "\n",
       "    .dataframe tbody tr th {\n",
       "        vertical-align: top;\n",
       "    }\n",
       "\n",
       "    .dataframe thead th {\n",
       "        text-align: right;\n",
       "    }\n",
       "</style>\n",
       "<table border=\"1\" class=\"dataframe\">\n",
       "  <thead>\n",
       "    <tr style=\"text-align: right;\">\n",
       "      <th></th>\n",
       "      <th>Temperature</th>\n",
       "      <th>RH</th>\n",
       "      <th>Ws</th>\n",
       "      <th>Rain</th>\n",
       "      <th>FFMC</th>\n",
       "      <th>DMC</th>\n",
       "      <th>DC</th>\n",
       "      <th>ISI</th>\n",
       "      <th>BUI</th>\n",
       "      <th>FWI</th>\n",
       "      <th>Classes</th>\n",
       "    </tr>\n",
       "  </thead>\n",
       "  <tbody>\n",
       "    <tr>\n",
       "      <th>165</th>\n",
       "      <td>37</td>\n",
       "      <td>37</td>\n",
       "      <td>18</td>\n",
       "      <td>0.2</td>\n",
       "      <td>88.9</td>\n",
       "      <td>12.9</td>\n",
       "      <td>14.6 9</td>\n",
       "      <td>12.5</td>\n",
       "      <td>10.4</td>\n",
       "      <td>fire</td>\n",
       "      <td>0</td>\n",
       "    </tr>\n",
       "  </tbody>\n",
       "</table>\n",
       "</div>"
      ]
     },
     "execution_count": 30,
     "metadata": {},
     "output_type": "execute_result"
    }
   ],
   "execution_count": 30
  },
  {
   "metadata": {
    "ExecuteTime": {
     "end_time": "2025-12-25T17:22:56.275487Z",
     "start_time": "2025-12-25T17:22:56.268616Z"
    }
   },
   "cell_type": "code",
   "source": "df = df.drop(165).reset_index(drop=True)",
   "id": "96325c42d4af2c92",
   "outputs": [],
   "execution_count": 31
  },
  {
   "metadata": {
    "ExecuteTime": {
     "end_time": "2025-12-25T17:22:59.516414Z",
     "start_time": "2025-12-25T17:22:59.508785Z"
    }
   },
   "cell_type": "code",
   "source": [
    "# make required columns as int and floats\n",
    "df[['Temperature', 'RH', 'Ws']] = df[['Temperature', 'RH', 'Ws']].astype(int)\n",
    "df[['Rain', 'FFMC', 'DMC', 'DC', 'ISI', 'BUI', 'FWI']] = df[['Rain', 'FFMC', 'DMC', 'DC', 'ISI', 'BUI', 'FWI']].astype(float)"
   ],
   "id": "bc2a4d6f945339d5",
   "outputs": [],
   "execution_count": 32
  },
  {
   "metadata": {
    "ExecuteTime": {
     "end_time": "2025-12-25T17:23:01.725713Z",
     "start_time": "2025-12-25T17:23:01.715454Z"
    }
   },
   "cell_type": "code",
   "source": "df.info()",
   "id": "24c9ef8df564c3ef",
   "outputs": [
    {
     "name": "stdout",
     "output_type": "stream",
     "text": [
      "<class 'pandas.core.frame.DataFrame'>\n",
      "RangeIndex: 243 entries, 0 to 242\n",
      "Data columns (total 11 columns):\n",
      " #   Column       Non-Null Count  Dtype  \n",
      "---  ------       --------------  -----  \n",
      " 0   Temperature  243 non-null    int64  \n",
      " 1   RH           243 non-null    int64  \n",
      " 2   Ws           243 non-null    int64  \n",
      " 3   Rain         243 non-null    float64\n",
      " 4   FFMC         243 non-null    float64\n",
      " 5   DMC          243 non-null    float64\n",
      " 6   DC           243 non-null    float64\n",
      " 7   ISI          243 non-null    float64\n",
      " 8   BUI          243 non-null    float64\n",
      " 9   FWI          243 non-null    float64\n",
      " 10  Classes      243 non-null    int64  \n",
      "dtypes: float64(7), int64(4)\n",
      "memory usage: 21.0 KB\n"
     ]
    }
   ],
   "execution_count": 33
  },
  {
   "metadata": {
    "ExecuteTime": {
     "end_time": "2025-12-25T17:23:10.429665Z",
     "start_time": "2025-12-25T17:23:10.423122Z"
    }
   },
   "cell_type": "code",
   "source": "df.corr()",
   "id": "b124dc5046293274",
   "outputs": [
    {
     "data": {
      "text/plain": [
       "             Temperature        RH        Ws      Rain      FFMC       DMC  \\\n",
       "Temperature     1.000000 -0.651400 -0.284510 -0.326492  0.676568  0.485687   \n",
       "RH             -0.651400  1.000000  0.244048  0.222356 -0.644873 -0.408519   \n",
       "Ws             -0.284510  0.244048  1.000000  0.171506 -0.166548 -0.000721   \n",
       "Rain           -0.326492  0.222356  0.171506  1.000000 -0.543906 -0.288773   \n",
       "FFMC            0.676568 -0.644873 -0.166548 -0.543906  1.000000  0.603608   \n",
       "DMC             0.485687 -0.408519 -0.000721 -0.288773  0.603608  1.000000   \n",
       "DC              0.376284 -0.226941  0.079135 -0.298023  0.507397  0.875925   \n",
       "ISI             0.603871 -0.686667  0.008532 -0.347484  0.740007  0.680454   \n",
       "BUI             0.459789 -0.353841  0.031438 -0.299852  0.592011  0.982248   \n",
       "FWI             0.566670 -0.580957  0.032368 -0.324422  0.691132  0.875864   \n",
       "Classes         0.516015 -0.432161 -0.069964 -0.379097  0.769492  0.585658   \n",
       "\n",
       "                   DC       ISI       BUI       FWI   Classes  \n",
       "Temperature  0.376284  0.603871  0.459789  0.566670  0.516015  \n",
       "RH          -0.226941 -0.686667 -0.353841 -0.580957 -0.432161  \n",
       "Ws           0.079135  0.008532  0.031438  0.032368 -0.069964  \n",
       "Rain        -0.298023 -0.347484 -0.299852 -0.324422 -0.379097  \n",
       "FFMC         0.507397  0.740007  0.592011  0.691132  0.769492  \n",
       "DMC          0.875925  0.680454  0.982248  0.875864  0.585658  \n",
       "DC           1.000000  0.508643  0.941988  0.739521  0.511123  \n",
       "ISI          0.508643  1.000000  0.644093  0.922895  0.735197  \n",
       "BUI          0.941988  0.644093  1.000000  0.857973  0.586639  \n",
       "FWI          0.739521  0.922895  0.857973  1.000000  0.719216  \n",
       "Classes      0.511123  0.735197  0.586639  0.719216  1.000000  "
      ],
      "text/html": [
       "<div>\n",
       "<style scoped>\n",
       "    .dataframe tbody tr th:only-of-type {\n",
       "        vertical-align: middle;\n",
       "    }\n",
       "\n",
       "    .dataframe tbody tr th {\n",
       "        vertical-align: top;\n",
       "    }\n",
       "\n",
       "    .dataframe thead th {\n",
       "        text-align: right;\n",
       "    }\n",
       "</style>\n",
       "<table border=\"1\" class=\"dataframe\">\n",
       "  <thead>\n",
       "    <tr style=\"text-align: right;\">\n",
       "      <th></th>\n",
       "      <th>Temperature</th>\n",
       "      <th>RH</th>\n",
       "      <th>Ws</th>\n",
       "      <th>Rain</th>\n",
       "      <th>FFMC</th>\n",
       "      <th>DMC</th>\n",
       "      <th>DC</th>\n",
       "      <th>ISI</th>\n",
       "      <th>BUI</th>\n",
       "      <th>FWI</th>\n",
       "      <th>Classes</th>\n",
       "    </tr>\n",
       "  </thead>\n",
       "  <tbody>\n",
       "    <tr>\n",
       "      <th>Temperature</th>\n",
       "      <td>1.000000</td>\n",
       "      <td>-0.651400</td>\n",
       "      <td>-0.284510</td>\n",
       "      <td>-0.326492</td>\n",
       "      <td>0.676568</td>\n",
       "      <td>0.485687</td>\n",
       "      <td>0.376284</td>\n",
       "      <td>0.603871</td>\n",
       "      <td>0.459789</td>\n",
       "      <td>0.566670</td>\n",
       "      <td>0.516015</td>\n",
       "    </tr>\n",
       "    <tr>\n",
       "      <th>RH</th>\n",
       "      <td>-0.651400</td>\n",
       "      <td>1.000000</td>\n",
       "      <td>0.244048</td>\n",
       "      <td>0.222356</td>\n",
       "      <td>-0.644873</td>\n",
       "      <td>-0.408519</td>\n",
       "      <td>-0.226941</td>\n",
       "      <td>-0.686667</td>\n",
       "      <td>-0.353841</td>\n",
       "      <td>-0.580957</td>\n",
       "      <td>-0.432161</td>\n",
       "    </tr>\n",
       "    <tr>\n",
       "      <th>Ws</th>\n",
       "      <td>-0.284510</td>\n",
       "      <td>0.244048</td>\n",
       "      <td>1.000000</td>\n",
       "      <td>0.171506</td>\n",
       "      <td>-0.166548</td>\n",
       "      <td>-0.000721</td>\n",
       "      <td>0.079135</td>\n",
       "      <td>0.008532</td>\n",
       "      <td>0.031438</td>\n",
       "      <td>0.032368</td>\n",
       "      <td>-0.069964</td>\n",
       "    </tr>\n",
       "    <tr>\n",
       "      <th>Rain</th>\n",
       "      <td>-0.326492</td>\n",
       "      <td>0.222356</td>\n",
       "      <td>0.171506</td>\n",
       "      <td>1.000000</td>\n",
       "      <td>-0.543906</td>\n",
       "      <td>-0.288773</td>\n",
       "      <td>-0.298023</td>\n",
       "      <td>-0.347484</td>\n",
       "      <td>-0.299852</td>\n",
       "      <td>-0.324422</td>\n",
       "      <td>-0.379097</td>\n",
       "    </tr>\n",
       "    <tr>\n",
       "      <th>FFMC</th>\n",
       "      <td>0.676568</td>\n",
       "      <td>-0.644873</td>\n",
       "      <td>-0.166548</td>\n",
       "      <td>-0.543906</td>\n",
       "      <td>1.000000</td>\n",
       "      <td>0.603608</td>\n",
       "      <td>0.507397</td>\n",
       "      <td>0.740007</td>\n",
       "      <td>0.592011</td>\n",
       "      <td>0.691132</td>\n",
       "      <td>0.769492</td>\n",
       "    </tr>\n",
       "    <tr>\n",
       "      <th>DMC</th>\n",
       "      <td>0.485687</td>\n",
       "      <td>-0.408519</td>\n",
       "      <td>-0.000721</td>\n",
       "      <td>-0.288773</td>\n",
       "      <td>0.603608</td>\n",
       "      <td>1.000000</td>\n",
       "      <td>0.875925</td>\n",
       "      <td>0.680454</td>\n",
       "      <td>0.982248</td>\n",
       "      <td>0.875864</td>\n",
       "      <td>0.585658</td>\n",
       "    </tr>\n",
       "    <tr>\n",
       "      <th>DC</th>\n",
       "      <td>0.376284</td>\n",
       "      <td>-0.226941</td>\n",
       "      <td>0.079135</td>\n",
       "      <td>-0.298023</td>\n",
       "      <td>0.507397</td>\n",
       "      <td>0.875925</td>\n",
       "      <td>1.000000</td>\n",
       "      <td>0.508643</td>\n",
       "      <td>0.941988</td>\n",
       "      <td>0.739521</td>\n",
       "      <td>0.511123</td>\n",
       "    </tr>\n",
       "    <tr>\n",
       "      <th>ISI</th>\n",
       "      <td>0.603871</td>\n",
       "      <td>-0.686667</td>\n",
       "      <td>0.008532</td>\n",
       "      <td>-0.347484</td>\n",
       "      <td>0.740007</td>\n",
       "      <td>0.680454</td>\n",
       "      <td>0.508643</td>\n",
       "      <td>1.000000</td>\n",
       "      <td>0.644093</td>\n",
       "      <td>0.922895</td>\n",
       "      <td>0.735197</td>\n",
       "    </tr>\n",
       "    <tr>\n",
       "      <th>BUI</th>\n",
       "      <td>0.459789</td>\n",
       "      <td>-0.353841</td>\n",
       "      <td>0.031438</td>\n",
       "      <td>-0.299852</td>\n",
       "      <td>0.592011</td>\n",
       "      <td>0.982248</td>\n",
       "      <td>0.941988</td>\n",
       "      <td>0.644093</td>\n",
       "      <td>1.000000</td>\n",
       "      <td>0.857973</td>\n",
       "      <td>0.586639</td>\n",
       "    </tr>\n",
       "    <tr>\n",
       "      <th>FWI</th>\n",
       "      <td>0.566670</td>\n",
       "      <td>-0.580957</td>\n",
       "      <td>0.032368</td>\n",
       "      <td>-0.324422</td>\n",
       "      <td>0.691132</td>\n",
       "      <td>0.875864</td>\n",
       "      <td>0.739521</td>\n",
       "      <td>0.922895</td>\n",
       "      <td>0.857973</td>\n",
       "      <td>1.000000</td>\n",
       "      <td>0.719216</td>\n",
       "    </tr>\n",
       "    <tr>\n",
       "      <th>Classes</th>\n",
       "      <td>0.516015</td>\n",
       "      <td>-0.432161</td>\n",
       "      <td>-0.069964</td>\n",
       "      <td>-0.379097</td>\n",
       "      <td>0.769492</td>\n",
       "      <td>0.585658</td>\n",
       "      <td>0.511123</td>\n",
       "      <td>0.735197</td>\n",
       "      <td>0.586639</td>\n",
       "      <td>0.719216</td>\n",
       "      <td>1.000000</td>\n",
       "    </tr>\n",
       "  </tbody>\n",
       "</table>\n",
       "</div>"
      ]
     },
     "execution_count": 34,
     "metadata": {},
     "output_type": "execute_result"
    }
   ],
   "execution_count": 34
  },
  {
   "metadata": {
    "ExecuteTime": {
     "end_time": "2025-12-25T17:23:43.070024Z",
     "start_time": "2025-12-25T17:23:43.065526Z"
    }
   },
   "cell_type": "code",
   "source": "df.info()",
   "id": "4ff66e04645888a1",
   "outputs": [
    {
     "name": "stdout",
     "output_type": "stream",
     "text": [
      "<class 'pandas.core.frame.DataFrame'>\n",
      "RangeIndex: 243 entries, 0 to 242\n",
      "Data columns (total 11 columns):\n",
      " #   Column       Non-Null Count  Dtype  \n",
      "---  ------       --------------  -----  \n",
      " 0   Temperature  243 non-null    int64  \n",
      " 1   RH           243 non-null    int64  \n",
      " 2   Ws           243 non-null    int64  \n",
      " 3   Rain         243 non-null    float64\n",
      " 4   FFMC         243 non-null    float64\n",
      " 5   DMC          243 non-null    float64\n",
      " 6   DC           243 non-null    float64\n",
      " 7   ISI          243 non-null    float64\n",
      " 8   BUI          243 non-null    float64\n",
      " 9   FWI          243 non-null    float64\n",
      " 10  Classes      243 non-null    int64  \n",
      "dtypes: float64(7), int64(4)\n",
      "memory usage: 21.0 KB\n"
     ]
    }
   ],
   "execution_count": 36
  },
  {
   "metadata": {
    "ExecuteTime": {
     "end_time": "2025-12-25T17:24:22.205754Z",
     "start_time": "2025-12-25T17:24:22.198901Z"
    }
   },
   "cell_type": "code",
   "source": "df['Classes'].value_counts()",
   "id": "bdeba3a9b6c5fd3f",
   "outputs": [
    {
     "data": {
      "text/plain": [
       "Classes\n",
       "1    137\n",
       "0    106\n",
       "Name: count, dtype: int64"
      ]
     },
     "execution_count": 37,
     "metadata": {},
     "output_type": "execute_result"
    }
   ],
   "execution_count": 37
  },
  {
   "metadata": {
    "ExecuteTime": {
     "end_time": "2025-12-25T17:29:43.366233Z",
     "start_time": "2025-12-25T17:29:43.349506Z"
    }
   },
   "cell_type": "code",
   "source": "df.to_csv('Algerian_forest_fires_cleaned_dataset.csv')",
   "id": "3aa31eab81bf258c",
   "outputs": [],
   "execution_count": 38
  },
  {
   "metadata": {
    "ExecuteTime": {
     "end_time": "2025-12-25T17:30:12.161863Z",
     "start_time": "2025-12-25T17:30:12.156638Z"
    }
   },
   "cell_type": "code",
   "source": [
    "# indep dep features development\n",
    "X = df.drop('FWI', axis=1)\n",
    "y = df['FWI']"
   ],
   "id": "828c238abfb71b04",
   "outputs": [],
   "execution_count": 39
  },
  {
   "metadata": {
    "ExecuteTime": {
     "end_time": "2025-12-25T17:30:18.620576Z",
     "start_time": "2025-12-25T17:30:18.612626Z"
    }
   },
   "cell_type": "code",
   "source": "X.head()",
   "id": "bfca960df7a0db65",
   "outputs": [
    {
     "data": {
      "text/plain": [
       "   Temperature  RH  Ws  Rain  FFMC  DMC    DC  ISI  BUI  Classes\n",
       "0           29  57  18   0.0  65.7  3.4   7.6  1.3  3.4        0\n",
       "1           29  61  13   1.3  64.4  4.1   7.6  1.0  3.9        0\n",
       "2           26  82  22  13.1  47.1  2.5   7.1  0.3  2.7        0\n",
       "3           25  89  13   2.5  28.6  1.3   6.9  0.0  1.7        0\n",
       "4           27  77  16   0.0  64.8  3.0  14.2  1.2  3.9        0"
      ],
      "text/html": [
       "<div>\n",
       "<style scoped>\n",
       "    .dataframe tbody tr th:only-of-type {\n",
       "        vertical-align: middle;\n",
       "    }\n",
       "\n",
       "    .dataframe tbody tr th {\n",
       "        vertical-align: top;\n",
       "    }\n",
       "\n",
       "    .dataframe thead th {\n",
       "        text-align: right;\n",
       "    }\n",
       "</style>\n",
       "<table border=\"1\" class=\"dataframe\">\n",
       "  <thead>\n",
       "    <tr style=\"text-align: right;\">\n",
       "      <th></th>\n",
       "      <th>Temperature</th>\n",
       "      <th>RH</th>\n",
       "      <th>Ws</th>\n",
       "      <th>Rain</th>\n",
       "      <th>FFMC</th>\n",
       "      <th>DMC</th>\n",
       "      <th>DC</th>\n",
       "      <th>ISI</th>\n",
       "      <th>BUI</th>\n",
       "      <th>Classes</th>\n",
       "    </tr>\n",
       "  </thead>\n",
       "  <tbody>\n",
       "    <tr>\n",
       "      <th>0</th>\n",
       "      <td>29</td>\n",
       "      <td>57</td>\n",
       "      <td>18</td>\n",
       "      <td>0.0</td>\n",
       "      <td>65.7</td>\n",
       "      <td>3.4</td>\n",
       "      <td>7.6</td>\n",
       "      <td>1.3</td>\n",
       "      <td>3.4</td>\n",
       "      <td>0</td>\n",
       "    </tr>\n",
       "    <tr>\n",
       "      <th>1</th>\n",
       "      <td>29</td>\n",
       "      <td>61</td>\n",
       "      <td>13</td>\n",
       "      <td>1.3</td>\n",
       "      <td>64.4</td>\n",
       "      <td>4.1</td>\n",
       "      <td>7.6</td>\n",
       "      <td>1.0</td>\n",
       "      <td>3.9</td>\n",
       "      <td>0</td>\n",
       "    </tr>\n",
       "    <tr>\n",
       "      <th>2</th>\n",
       "      <td>26</td>\n",
       "      <td>82</td>\n",
       "      <td>22</td>\n",
       "      <td>13.1</td>\n",
       "      <td>47.1</td>\n",
       "      <td>2.5</td>\n",
       "      <td>7.1</td>\n",
       "      <td>0.3</td>\n",
       "      <td>2.7</td>\n",
       "      <td>0</td>\n",
       "    </tr>\n",
       "    <tr>\n",
       "      <th>3</th>\n",
       "      <td>25</td>\n",
       "      <td>89</td>\n",
       "      <td>13</td>\n",
       "      <td>2.5</td>\n",
       "      <td>28.6</td>\n",
       "      <td>1.3</td>\n",
       "      <td>6.9</td>\n",
       "      <td>0.0</td>\n",
       "      <td>1.7</td>\n",
       "      <td>0</td>\n",
       "    </tr>\n",
       "    <tr>\n",
       "      <th>4</th>\n",
       "      <td>27</td>\n",
       "      <td>77</td>\n",
       "      <td>16</td>\n",
       "      <td>0.0</td>\n",
       "      <td>64.8</td>\n",
       "      <td>3.0</td>\n",
       "      <td>14.2</td>\n",
       "      <td>1.2</td>\n",
       "      <td>3.9</td>\n",
       "      <td>0</td>\n",
       "    </tr>\n",
       "  </tbody>\n",
       "</table>\n",
       "</div>"
      ]
     },
     "execution_count": 40,
     "metadata": {},
     "output_type": "execute_result"
    }
   ],
   "execution_count": 40
  },
  {
   "metadata": {
    "ExecuteTime": {
     "end_time": "2025-12-25T17:31:09.611704Z",
     "start_time": "2025-12-25T17:31:09.533437Z"
    }
   },
   "cell_type": "code",
   "source": [
    "# train test split\n",
    "from sklearn.model_selection import train_test_split\n",
    "\n",
    "X_train, X_test, y_train, y_test = train_test_split(X, y, test_size=0.2, random_state=42)"
   ],
   "id": "e2ab767821e4e83a",
   "outputs": [],
   "execution_count": 41
  },
  {
   "metadata": {
    "ExecuteTime": {
     "end_time": "2025-12-25T17:31:32.346127Z",
     "start_time": "2025-12-25T17:31:32.336650Z"
    }
   },
   "cell_type": "code",
   "source": "X_train.corr()",
   "id": "54fd7e666442e48c",
   "outputs": [
    {
     "data": {
      "text/plain": [
       "             Temperature        RH        Ws      Rain      FFMC       DMC  \\\n",
       "Temperature     1.000000 -0.653725 -0.308149 -0.313112  0.690285  0.468911   \n",
       "RH             -0.653725  1.000000  0.211645  0.239441 -0.649239 -0.401836   \n",
       "Ws             -0.308149  0.211645  1.000000  0.235922 -0.176596  0.004712   \n",
       "Rain           -0.313112  0.239441  0.235922  1.000000 -0.547864 -0.288538   \n",
       "FFMC            0.690285 -0.649239 -0.176596 -0.547864  1.000000  0.611978   \n",
       "DMC             0.468911 -0.401836  0.004712 -0.288538  0.611978  1.000000   \n",
       "DC              0.372163 -0.220945  0.092866 -0.301110  0.519513  0.876122   \n",
       "ISI             0.613138 -0.714640 -0.002300 -0.349903  0.751819  0.679049   \n",
       "BUI             0.446280 -0.346511  0.037465 -0.299179  0.598248  0.983891   \n",
       "Classes         0.539642 -0.454926 -0.075322 -0.378585  0.786012  0.606775   \n",
       "\n",
       "                   DC       ISI       BUI   Classes  \n",
       "Temperature  0.372163  0.613138  0.446280  0.539642  \n",
       "RH          -0.220945 -0.714640 -0.346511 -0.454926  \n",
       "Ws           0.092866 -0.002300  0.037465 -0.075322  \n",
       "Rain        -0.301110 -0.349903 -0.299179 -0.378585  \n",
       "FFMC         0.519513  0.751819  0.598248  0.786012  \n",
       "DMC          0.876122  0.679049  0.983891  0.606775  \n",
       "DC           1.000000  0.512934  0.946181  0.538893  \n",
       "ISI          0.512934  1.000000  0.637669  0.740072  \n",
       "BUI          0.946181  0.637669  1.000000  0.602102  \n",
       "Classes      0.538893  0.740072  0.602102  1.000000  "
      ],
      "text/html": [
       "<div>\n",
       "<style scoped>\n",
       "    .dataframe tbody tr th:only-of-type {\n",
       "        vertical-align: middle;\n",
       "    }\n",
       "\n",
       "    .dataframe tbody tr th {\n",
       "        vertical-align: top;\n",
       "    }\n",
       "\n",
       "    .dataframe thead th {\n",
       "        text-align: right;\n",
       "    }\n",
       "</style>\n",
       "<table border=\"1\" class=\"dataframe\">\n",
       "  <thead>\n",
       "    <tr style=\"text-align: right;\">\n",
       "      <th></th>\n",
       "      <th>Temperature</th>\n",
       "      <th>RH</th>\n",
       "      <th>Ws</th>\n",
       "      <th>Rain</th>\n",
       "      <th>FFMC</th>\n",
       "      <th>DMC</th>\n",
       "      <th>DC</th>\n",
       "      <th>ISI</th>\n",
       "      <th>BUI</th>\n",
       "      <th>Classes</th>\n",
       "    </tr>\n",
       "  </thead>\n",
       "  <tbody>\n",
       "    <tr>\n",
       "      <th>Temperature</th>\n",
       "      <td>1.000000</td>\n",
       "      <td>-0.653725</td>\n",
       "      <td>-0.308149</td>\n",
       "      <td>-0.313112</td>\n",
       "      <td>0.690285</td>\n",
       "      <td>0.468911</td>\n",
       "      <td>0.372163</td>\n",
       "      <td>0.613138</td>\n",
       "      <td>0.446280</td>\n",
       "      <td>0.539642</td>\n",
       "    </tr>\n",
       "    <tr>\n",
       "      <th>RH</th>\n",
       "      <td>-0.653725</td>\n",
       "      <td>1.000000</td>\n",
       "      <td>0.211645</td>\n",
       "      <td>0.239441</td>\n",
       "      <td>-0.649239</td>\n",
       "      <td>-0.401836</td>\n",
       "      <td>-0.220945</td>\n",
       "      <td>-0.714640</td>\n",
       "      <td>-0.346511</td>\n",
       "      <td>-0.454926</td>\n",
       "    </tr>\n",
       "    <tr>\n",
       "      <th>Ws</th>\n",
       "      <td>-0.308149</td>\n",
       "      <td>0.211645</td>\n",
       "      <td>1.000000</td>\n",
       "      <td>0.235922</td>\n",
       "      <td>-0.176596</td>\n",
       "      <td>0.004712</td>\n",
       "      <td>0.092866</td>\n",
       "      <td>-0.002300</td>\n",
       "      <td>0.037465</td>\n",
       "      <td>-0.075322</td>\n",
       "    </tr>\n",
       "    <tr>\n",
       "      <th>Rain</th>\n",
       "      <td>-0.313112</td>\n",
       "      <td>0.239441</td>\n",
       "      <td>0.235922</td>\n",
       "      <td>1.000000</td>\n",
       "      <td>-0.547864</td>\n",
       "      <td>-0.288538</td>\n",
       "      <td>-0.301110</td>\n",
       "      <td>-0.349903</td>\n",
       "      <td>-0.299179</td>\n",
       "      <td>-0.378585</td>\n",
       "    </tr>\n",
       "    <tr>\n",
       "      <th>FFMC</th>\n",
       "      <td>0.690285</td>\n",
       "      <td>-0.649239</td>\n",
       "      <td>-0.176596</td>\n",
       "      <td>-0.547864</td>\n",
       "      <td>1.000000</td>\n",
       "      <td>0.611978</td>\n",
       "      <td>0.519513</td>\n",
       "      <td>0.751819</td>\n",
       "      <td>0.598248</td>\n",
       "      <td>0.786012</td>\n",
       "    </tr>\n",
       "    <tr>\n",
       "      <th>DMC</th>\n",
       "      <td>0.468911</td>\n",
       "      <td>-0.401836</td>\n",
       "      <td>0.004712</td>\n",
       "      <td>-0.288538</td>\n",
       "      <td>0.611978</td>\n",
       "      <td>1.000000</td>\n",
       "      <td>0.876122</td>\n",
       "      <td>0.679049</td>\n",
       "      <td>0.983891</td>\n",
       "      <td>0.606775</td>\n",
       "    </tr>\n",
       "    <tr>\n",
       "      <th>DC</th>\n",
       "      <td>0.372163</td>\n",
       "      <td>-0.220945</td>\n",
       "      <td>0.092866</td>\n",
       "      <td>-0.301110</td>\n",
       "      <td>0.519513</td>\n",
       "      <td>0.876122</td>\n",
       "      <td>1.000000</td>\n",
       "      <td>0.512934</td>\n",
       "      <td>0.946181</td>\n",
       "      <td>0.538893</td>\n",
       "    </tr>\n",
       "    <tr>\n",
       "      <th>ISI</th>\n",
       "      <td>0.613138</td>\n",
       "      <td>-0.714640</td>\n",
       "      <td>-0.002300</td>\n",
       "      <td>-0.349903</td>\n",
       "      <td>0.751819</td>\n",
       "      <td>0.679049</td>\n",
       "      <td>0.512934</td>\n",
       "      <td>1.000000</td>\n",
       "      <td>0.637669</td>\n",
       "      <td>0.740072</td>\n",
       "    </tr>\n",
       "    <tr>\n",
       "      <th>BUI</th>\n",
       "      <td>0.446280</td>\n",
       "      <td>-0.346511</td>\n",
       "      <td>0.037465</td>\n",
       "      <td>-0.299179</td>\n",
       "      <td>0.598248</td>\n",
       "      <td>0.983891</td>\n",
       "      <td>0.946181</td>\n",
       "      <td>0.637669</td>\n",
       "      <td>1.000000</td>\n",
       "      <td>0.602102</td>\n",
       "    </tr>\n",
       "    <tr>\n",
       "      <th>Classes</th>\n",
       "      <td>0.539642</td>\n",
       "      <td>-0.454926</td>\n",
       "      <td>-0.075322</td>\n",
       "      <td>-0.378585</td>\n",
       "      <td>0.786012</td>\n",
       "      <td>0.606775</td>\n",
       "      <td>0.538893</td>\n",
       "      <td>0.740072</td>\n",
       "      <td>0.602102</td>\n",
       "      <td>1.000000</td>\n",
       "    </tr>\n",
       "  </tbody>\n",
       "</table>\n",
       "</div>"
      ]
     },
     "execution_count": 43,
     "metadata": {},
     "output_type": "execute_result"
    }
   ],
